0.000965712		0.001456		0.00105485		0.996523		
0.363078		0.105608		0.295538		0.235776		
0.260574		0.232898		0.104439		0.402089		
0.0757329		0.0423453		0.73127		0.150651		
0.0589512		0.313562		0.300181		0.327306		
1.61385e-06		8.52406e-05		0.999844		6.93955e-05		
0.000324011		0.000544818		0.00142805		0.997703		
0.282198		0.106878		0.320297		0.290627		
0.000876691		0.000200733		0.998449		0.000473357		
0.388796		0.0376254		0.048495		0.525084		
0.00164249		0.996531		0.000643212		0.00118305		
0.288732		0.114353		0.328303		0.268612		
0.998176		0.00088412		0.000747281		0.000192818		
0.00012193		0.000226369		0.000214201		0.999437		
0.0502559		0.164262		0.355049		0.430433		
0.00245156		0.996793		0.000225899		0.000529568		
0.250551		0.00734754		0.335048		0.407054		
0.202885		0.32899		0.349465		0.11866		
0.999617		0.00015797		0.000126609		9.82336e-05		
0.00026015		0.999047		1.93124e-05		0.000673663		
0.237226		0.264599		0.208029		0.290146		
0.000728924		6.0281e-05		0.000562358		0.998648		
0.304571		0.351429		0.160571		0.183429		
0.207232		0.310847		0.221263		0.260658		
0.000561905		8.92492e-05		0.998582		0.000766814		
6.34975e-05		0.00127656		0.00131228		0.997348		
0.000878382		0.00126062		0.997465		0.000396158		
0.0436364		0.226667		0.149697		0.58		
0.000310516		0.000904762		0.997938		0.000847222		
0.244357		0.287537		0.143278		0.324828		
0.996527		0.00172093		0.00166659		8.51408e-05		
0.000623571		0.00124019		0.00159718		0.996539		
0.356768		0.143434		0.113535		0.386263		
0.000143145		0.997938		0.000822581		0.00109677		
0.29192		0.172893		0.352737		0.18245		
0.000714911		0.997648		0.000735894		0.000900758		
0.348381		0.000455996		0.354765		0.296398		
0.0694239		0.273264		0.121123		0.536189		
0.996918		0.000818834		0.00112508		0.00113811		
0.997695		0.000681276		0.000412818		0.00121059		
0.998086		0.00102336		0.000352491		0.000538212		
0.000743519		0.000490046		0.00104769		0.997719		
0.168188		0.234983		0.170111		0.426718		
0.292534		0.126071		0.290494		0.290902		
0.568915		0.231672		0.0312805		0.168133		
0.000769851		0.000342156		0.00111846		0.99777		
0.000503627		0.000332857		0.998117		0.00104633		
0.000403667		0.000895367		0.0016619		0.997039		
0.268361		0.230421		0.331361		0.169857		
0.592857		0.179464		0.00803571		0.219643		
0.0196454		0.36943		0.149018		0.461907		
0.30019		0.0670476		0.254095		0.378667		
0.000274678		0.000602923		0.998227		0.000895837		
0.00103519		0.00180228		0.996281		0.000881279		
0.000532705		0.000996719		0.0013612		0.997109		
0.000108104		0.999719		6.9677e-05		0.000103469		
0.000199227		0.000695004		0.99832		0.000785457		
0.997586		0.000886834		0.00149078		3.64452e-05		
0.00160434		0.996645		0.00161722		0.00013391		
0.997969		0.000283639		0.000895701		0.000851911		
0.996746		0.00116525		0.00122241		0.000866243		
0.000310296		0.997695		0.000984964		0.00100943		
0.000379981		0.00246215		0.996352		0.000806302		
0.000226687		0.999629		1.93278e-05		0.000125078		
0.0283729		0.563984		0.0104227		0.397221		
0.00143281		0.00162305		0.000358203		0.996586		
0.000347626		0.00121921		0.000577697		0.997855		
0.00125024		0.000541088		0.000200858		0.998008		
0.226001		0.255704		0.367628		0.150667		
0.996387		0.00211132		0.00107377		0.000428192		
0.287975		0.00316456		0.700158		0.00870253		
0.999844		5.55937e-05		4.80832e-05		5.25731e-05		
0.381579		0.194508		0.322654		0.101259		
0.0751945		0.342697		0.331029		0.25108		
0.310135		0.189648		0.290996		0.209221		
0.000687805		0.00167993		0.996777		0.000854919		
0.203401		0.242642		0.0778286		0.476128		
0.31759		0.197108		0.169639		0.315663		
0.999926		2.3598e-05		2.28879e-05		2.77328e-05		
0.1389		0.318534		0.273727		0.268839		
0.000433683		0.998203		0.000228741		0.00113445		
0.000789381		0.997797		0.000827557		0.000586186		
0.356146		0.250338		0.190905		0.202611		
0.000125		5.81761e-05		0.9995		0.000316824		
0.00133787		8.17346e-05		0.997281		0.00129915		
0.0722543		0.653179		0.154624		0.119942		
0.000533945		0.998902		0.000366506		0.000197206		
0.315312		0.338897		0.106313		0.239478		
0.000170408		4.15475e-05		5.75759e-05		0.99973		
1.03269e-05		0.000406879		0.000930451		0.998652		
0.000909967		0.996938		0.00120081		0.000951722		
0.000385114		0.000217403		0.998949		0.000448264		
0.000256278		0.00170971		0.997391		0.000643383		
0.998262		0.000912363		0.000238661		0.000587257		
0.296281		0.130558		0.272838		0.300323		
0.996375		0.00181676		0.00167193		0.00013631		
0.361866		0.0706522		0.139493		0.427989		
0.00127601		0.000855973		0.996602		0.00126646		
0.000657522		0.000420003		0.000844351		0.998078		
0.000420268		0.997875		0.000708709		0.000996023		
